`x` <-
c(-2, -1.97989949748744, -1.95979899497487, -1.93969849246231, 
-1.91959798994975, -1.89949748743719, -1.87939698492462, -1.85929648241206, 
-1.83919597989950, -1.81909547738693, -1.79899497487437, -1.77889447236181, 
-1.75879396984925, -1.73869346733668, -1.71859296482412, -1.69849246231156, 
-1.67839195979899, -1.65829145728643, -1.63819095477387, -1.61809045226131, 
-1.59798994974874, -1.57788944723618, -1.55778894472362, -1.53768844221106, 
-1.51758793969849, -1.49748743718593, -1.47738693467337, -1.45728643216080, 
-1.43718592964824, -1.41708542713568, -1.39698492462312, -1.37688442211055, 
-1.35678391959799, -1.33668341708543, -1.31658291457286, -1.29648241206030, 
-1.27638190954774, -1.25628140703518, -1.23618090452261, -1.21608040201005, 
-1.19597989949749, -1.17587939698492, -1.15577889447236, -1.1356783919598, 
-1.11557788944724, -1.09547738693467, -1.07537688442211, -1.05527638190955, 
-1.03517587939698, -1.01507537688442, -0.99497487437186, -0.974874371859296, 
-0.954773869346734, -0.93467336683417, -0.914572864321608, -0.894472361809045, 
-0.874371859296482, -0.85427135678392, -0.834170854271357, -0.814070351758794, 
-0.793969849246231, -0.773869346733668, -0.753768844221105, -0.733668341708543, 
-0.71356783919598, -0.693467336683417, -0.673366834170854, -0.653266331658291, 
-0.633165829145729, -0.613065326633166, -0.592964824120603, -0.57286432160804, 
-0.552763819095477, -0.532663316582915, -0.512562814070352, -0.492462311557789, 
-0.472361809045226, -0.452261306532663, -0.4321608040201, -0.412060301507538, 
-0.391959798994975, -0.371859296482412, -0.351758793969849, -0.331658291457286, 
-0.311557788944724, -0.291457286432161, -0.271356783919598, -0.251256281407035, 
-0.231155778894472, -0.211055276381910, -0.190954773869347, -0.170854271356784, 
-0.150753768844221, -0.130653266331658, -0.110552763819096, -0.0904522613065326, 
-0.07035175879397, -0.050251256281407, -0.0301507537688441, -0.0100502512562815, 
0.0100502512562812, 0.0301507537688441, 0.050251256281407, 0.07035175879397, 
0.0904522613065328, 0.110552763819095, 0.130653266331658, 0.150753768844221, 
0.170854271356784, 0.190954773869347, 0.21105527638191, 0.231155778894472, 
0.251256281407035, 0.271356783919598, 0.291457286432161, 0.311557788944724, 
0.331658291457286, 0.351758793969849, 0.371859296482412, 0.391959798994975, 
0.412060301507538, 0.4321608040201, 0.452261306532663, 0.472361809045226, 
0.492462311557789, 0.512562814070352, 0.532663316582914, 0.552763819095477, 
0.57286432160804, 0.592964824120603, 0.613065326633166, 0.633165829145728, 
0.653266331658291, 0.673366834170854, 0.693467336683417, 0.71356783919598, 
0.733668341708543, 0.753768844221105, 0.773869346733668, 0.793969849246231, 
0.814070351758794, 0.834170854271357, 0.85427135678392, 0.874371859296482, 
0.894472361809045, 0.914572864321608, 0.93467336683417, 0.954773869346734, 
0.974874371859296, 0.99497487437186, 1.01507537688442, 1.03517587939699, 
1.05527638190955, 1.07537688442211, 1.09547738693467, 1.11557788944724, 
1.1356783919598, 1.15577889447236, 1.17587939698492, 1.19597989949749, 
1.21608040201005, 1.23618090452261, 1.25628140703518, 1.27638190954774, 
1.29648241206030, 1.31658291457286, 1.33668341708543, 1.35678391959799, 
1.37688442211055, 1.39698492462312, 1.41708542713568, 1.43718592964824, 
1.45728643216080, 1.47738693467337, 1.49748743718593, 1.51758793969849, 
1.53768844221106, 1.55778894472362, 1.57788944723618, 1.59798994974874, 
1.61809045226131, 1.63819095477387, 1.65829145728643, 1.67839195979899, 
1.69849246231156, 1.71859296482412, 1.73869346733668, 1.75879396984925, 
1.77889447236181, 1.79899497487437, 1.81909547738693, 1.83919597989950, 
1.85929648241206, 1.87939698492462, 1.89949748743719, 1.91959798994975, 
1.93969849246231, 1.95979899497487, 1.97989949748744, 2)
`y` <-
c(-1.61613604048886, -1.89363440877251, -2.36987346054309, -1.40134311476026, 
-2.06932608963768, -1.68033135831346, -0.961878304728315, -2.26517617809139, 
-0.754018209687067, -2.11565202353108, -2.25542276262922, -1.42792898620042, 
-1.93010355391188, -1.63415242154142, -1.27495884933162, -1.74823979669345, 
-1.66895686063369, -3.02384336266833, -2.26425967595782, -1.84960835521966, 
-1.78777005267367, -2.1146021379221, -1.23783112753632, -1.94555295737806, 
-1.63398544537726, -1.243486791731, -1.49947373403440, -1.47317681384527, 
-1.54027485094574, -1.93825246008507, -1.82647678739054, -1.56513954906812, 
-1.07699050301112, -0.547548081955914, -1.26920525005749, -1.13398634619760, 
-1.52169848756561, -1.22492648749661, -0.477846699274628, -0.991499831708793, 
-0.568564600407514, -1.12066594801294, -0.778288032717371, -0.951116021312227, 
-0.822717380007776, -1.00232845747900, -1.20384792279404, -1.08103363529648, 
-1.60743226051526, -1.01280594078476, -0.98054759280678, -1.21276572763587, 
-1.21993771730039, -0.588231284114434, -0.513752024547619, -0.736521290280874, 
-0.627251322928986, -0.847434319092726, -0.768942140985284, -1.03102341524158, 
-1.31206121886687, -0.818600321720079, -0.803149896490632, -1.59953565962139, 
-0.527917488641001, -0.596585351932899, -1.0085633828309, -0.208769257059442, 
-1.24410996497558, -0.218956622642883, 0.163815611370554, -0.802722844642584, 
-0.975702072203217, -0.273680128456276, -0.449738969715396, -0.339577823209331, 
-0.202247407618846, -0.506951226272763, -0.445383373204438, -0.442571222888374, 
0.0753789855000536, -0.754106593604984, -0.350903497427523, -0.306025237840641, 
-0.62422911528872, 0.82436166326644, 0.799465053260607, -0.314285144886292, 
0.668850871722456, -0.11025370135454, 0.227496728041292, 0.931599410863027, 
0.554311503441308, 1.48969716736389, 1.09736302667907, 2.12220859359655, 
1.97123261663141, 2.13692796667815, 1.32369076560901, 2.42318331730015, 
2.88719134876668, 2.11817070637439, 1.22113714218067, 1.80769716172402, 
1.94401369222323, 2.27605890765059, 1.31586725063827, 1.49951764541435, 
1.37150397017691, 1.50917975723121, 0.7945558926799, 0.886964750403985, 
0.90568074061828, 0.630439663043545, 0.0718137144991117, 0.824090926965481, 
0.138546293849874, 0.408190465588958, 0.688726759875923, 0.324374014590408, 
0.195134955227111, 1.07962307178270, 1.17686087909163, 0.492994819144535, 
0.221876211140761, 0.00429222008187535, 0.522014817288762, 0.595685735354034, 
0.70256727050604, 0.252219981067379, 0.400644873274701, 1.38017530874599, 
0.424515365024738, 0.676563817446459, 0.618797434814925, 0.636314700008761, 
0.630013888362351, 1.04447782848565, 0.929202404992307, 1.06077485758240, 
0.158424995363319, 0.965212409773873, 1.35495946367200, 1.61655166721423, 
1.16935010829578, 0.593632233499139, 1.21982625459195, 0.487284692901307, 
2.00970445198076, 0.66675220132313, 1.43174838292083, 1.44240796521407, 
0.852302597294528, 1.15049345979982, 0.961795094584747, 1.62474112856662, 
1.29799702486208, 1.42661307935419, 1.07084848966882, 1.22965012192144, 
1.27752722839276, 1.05699476093039, 1.19586404908293, 1.03503492108369, 
1.35798310390219, 1.24553989535541, 1.56752440410943, 1.61519697399458, 
1.25095574970982, 1.2028622655313, 0.773057200931012, 1.94197804283948, 
1.11869832035967, 1.51834035241817, 1.51820308480022, 2.11136022134736, 
1.63580137756393, 0.94294841568439, 1.87648006695221, 1.18119219783264, 
1.48035454319821, 1.59369820883800, 1.86879726442699, 1.35837335191457, 
2.13378420609033, 1.68982174089495, 1.98666851583987, 0.951675301955713, 
1.44324356287739, 1.91410618238063, 2.03014417412228, 2.19099306933163, 
1.11541092401273, 2.58641701626351, 1.48132546536379, 2.24758668220972, 
1.28285108448245, 1.51613732289754, 2.19666118359453, 2.11259837765656
)
