`x` <-
c(-2, -1.97989949748744, -1.95979899497487, -1.93969849246231, 
-1.91959798994975, -1.89949748743719, -1.87939698492462, -1.85929648241206, 
-1.83919597989950, -1.81909547738693, -1.79899497487437, -1.77889447236181, 
-1.75879396984925, -1.73869346733668, -1.71859296482412, -1.69849246231156, 
-1.67839195979899, -1.65829145728643, -1.63819095477387, -1.61809045226131, 
-1.59798994974874, -1.57788944723618, -1.55778894472362, -1.53768844221106, 
-1.51758793969849, -1.49748743718593, -1.47738693467337, -1.45728643216080, 
-1.43718592964824, -1.41708542713568, -1.39698492462312, -1.37688442211055, 
-1.35678391959799, -1.33668341708543, -1.31658291457286, -1.29648241206030, 
-1.27638190954774, -1.25628140703518, -1.23618090452261, -1.21608040201005, 
-1.19597989949749, -1.17587939698492, -1.15577889447236, -1.1356783919598, 
-1.11557788944724, -1.09547738693467, -1.07537688442211, -1.05527638190955, 
-1.03517587939698, -1.01507537688442, -0.99497487437186, -0.974874371859296, 
-0.954773869346734, -0.93467336683417, -0.914572864321608, -0.894472361809045, 
-0.874371859296482, -0.85427135678392, -0.834170854271357, -0.814070351758794, 
-0.793969849246231, -0.773869346733668, -0.753768844221105, -0.733668341708543, 
-0.71356783919598, -0.693467336683417, -0.673366834170854, -0.653266331658291, 
-0.633165829145729, -0.613065326633166, -0.592964824120603, -0.57286432160804, 
-0.552763819095477, -0.532663316582915, -0.512562814070352, -0.492462311557789, 
-0.472361809045226, -0.452261306532663, -0.4321608040201, -0.412060301507538, 
-0.391959798994975, -0.371859296482412, -0.351758793969849, -0.331658291457286, 
-0.311557788944724, -0.291457286432161, -0.271356783919598, -0.251256281407035, 
-0.231155778894472, -0.211055276381910, -0.190954773869347, -0.170854271356784, 
-0.150753768844221, -0.130653266331658, -0.110552763819096, -0.0904522613065326, 
-0.07035175879397, -0.050251256281407, -0.0301507537688441, -0.0100502512562815, 
0.0100502512562812, 0.0301507537688441, 0.050251256281407, 0.07035175879397, 
0.0904522613065328, 0.110552763819095, 0.130653266331658, 0.150753768844221, 
0.170854271356784, 0.190954773869347, 0.21105527638191, 0.231155778894472, 
0.251256281407035, 0.271356783919598, 0.291457286432161, 0.311557788944724, 
0.331658291457286, 0.351758793969849, 0.371859296482412, 0.391959798994975, 
0.412060301507538, 0.4321608040201, 0.452261306532663, 0.472361809045226, 
0.492462311557789, 0.512562814070352, 0.532663316582914, 0.552763819095477, 
0.57286432160804, 0.592964824120603, 0.613065326633166, 0.633165829145728, 
0.653266331658291, 0.673366834170854, 0.693467336683417, 0.71356783919598, 
0.733668341708543, 0.753768844221105, 0.773869346733668, 0.793969849246231, 
0.814070351758794, 0.834170854271357, 0.85427135678392, 0.874371859296482, 
0.894472361809045, 0.914572864321608, 0.93467336683417, 0.954773869346734, 
0.974874371859296, 0.99497487437186, 1.01507537688442, 1.03517587939699, 
1.05527638190955, 1.07537688442211, 1.09547738693467, 1.11557788944724, 
1.1356783919598, 1.15577889447236, 1.17587939698492, 1.19597989949749, 
1.21608040201005, 1.23618090452261, 1.25628140703518, 1.27638190954774, 
1.29648241206030, 1.31658291457286, 1.33668341708543, 1.35678391959799, 
1.37688442211055, 1.39698492462312, 1.41708542713568, 1.43718592964824, 
1.45728643216080, 1.47738693467337, 1.49748743718593, 1.51758793969849, 
1.53768844221106, 1.55778894472362, 1.57788944723618, 1.59798994974874, 
1.61809045226131, 1.63819095477387, 1.65829145728643, 1.67839195979899, 
1.69849246231156, 1.71859296482412, 1.73869346733668, 1.75879396984925, 
1.77889447236181, 1.79899497487437, 1.81909547738693, 1.83919597989950, 
1.85929648241206, 1.87939698492462, 1.89949748743719, 1.91959798994975, 
1.93969849246231, 1.95979899497487, 1.97989949748744, 2)
`y` <-
c(0.535315934304513, 1.21641035227498, 1.19697436257876, 0.754595094022991, 
1.02550244400519, 0.737799112940931, 0.441629178942535, 0.79419211027061, 
0.82652415624315, 0.26011441634216, 0.392350386190612, 0.848544565141885, 
0.251026171476485, -0.0525280266070635, -0.234813454112455, 0.765925901368004, 
0.256632405659154, -0.0773304700733675, 1.12706995002836, 0.273358033442383, 
0.185038521346054, -0.302434428094152, -0.0907380370715644, 0.165076005194510, 
0.469934085444804, -0.0227139884842568, -0.254890629706433, -0.616096443331642, 
0.0298170837236097, -0.285530327944591, 0.138355316955341, -0.347112185637765, 
-0.235231992222870, -0.790324626398286, -0.686331021896393, -0.770384191032681, 
-0.652733046227834, -0.565626135416702, -0.215663549139637, -0.49600268699397, 
-0.262053235737143, -0.495866698224634, -0.388851975716679, -0.702746037846904, 
-0.884688510359261, -0.934439596719119, -1.23269250537000, -0.782389308187216, 
-1.73894429461332, -0.774373902080141, -0.468787538227247, -1.48572371307161, 
-0.613078103966784, -0.918302581120113, -1.49491827793400, -1.61751704568622, 
-1.15488114748812, -0.614265370075808, -0.539244629247725, -1.12307270596440, 
-0.86333338022019, -1.04492872552352, -1.08363893045386, -0.628422235926314, 
-1.17308063239689, -1.02315956738926, -1.21435778747407, -1.40358195909466, 
-0.792514502439273, -1.27941165049718, -0.348961105516144, -0.382475401304863, 
-1.16901897057702, -0.734360417567505, -0.553484956317477, -1.01886708072154, 
-0.660224897112523, -0.548956434837163, -0.891489565326868, -0.744507295982583, 
-0.695325886824842, -0.796913244899286, -0.362857023804080, -0.819660188193827, 
-0.491942695576241, -0.083282443562789, 0.720695418047994, 0.758758925019131, 
0.284371691260207, 0.317866784066307, 0.631375275328677, 1.12859301237322, 
1.12950716964117, 1.08842234380477, 1.55645801373488, 1.37367125887122, 
1.41611101018935, 2.07050817938481, 1.91814725619477, 2.22120328572726, 
2.03993140376923, 1.93410290246635, 1.65425418657948, 1.88336479080381, 
1.76519918934722, 2.02843494229532, 1.47823740767915, 1.58762226587971, 
1.85673696492264, 1.17087531671385, 1.62242604242491, 0.995488784184468, 
1.02469705366224, 1.24311592538865, 1.10962489197934, 1.05968203329940, 
0.945942943933578, 1.10155520203975, 0.859602416248281, 1.26428452743994, 
0.851415175204585, 0.954645751386388, 1.08504815302084, 0.901821718734697, 
1.0347389498002, 0.795166199771238, 0.923877129933101, 0.716656941425355, 
0.588828211553627, 0.405543080512668, 1.38478365016625, 1.23223136310859, 
1.37384439666603, 1.06239227642580, 1.12828930388138, 0.539327188595196, 
1.3269503781833, 1.41322925437007, 1.16964070547826, 1.01840995271968, 
0.857386321078518, 0.467120932355184, 1.23085470168640, 1.03599226943565, 
1.03294903154755, 1.29026602424450, 0.940820296766405, 0.521841285874121, 
0.725927594723631, 1.06136717525017, 0.985309058448212, 0.883295004725165, 
0.887267650757299, 1.12139859898886, 1.11943566157982, 0.596569362220551, 
1.39890099617768, 0.398020677745, 1.37984150091171, 0.00561456618662548, 
0.367863293428213, 0.668955631283932, 0.666102611814546, 0.990556397285203, 
0.630513539528945, 0.732834388367811, 0.351035940678787, 0.455405093121427, 
0.604213324135094, 0.216760396382307, 0.228773248067475, -0.196571831497241, 
-0.0140117958803778, 0.450811598260647, -0.0197277397913478, 
0.142188053686164, 0.349782079572191, -0.550569506063103, -0.157994208237475, 
-0.00651939003066288, 0.115477094784740, -0.500143773395755, 
-0.235091429987532, -0.303671407392347, -0.202776429330411, -1.02367468531242, 
-0.834055485089523, 0.0939913094240072, -0.2195219344912, -0.182778267548183, 
-0.578553470812256, -0.4848583165787, 0.00762971513788402, -0.994933022703077, 
-0.556780809761648, -0.345848501431713, -0.0740448037531676, 
-0.661722227100437, -0.461347625877802, 0.0787928918584568)
