`x` <-
c(0, 0.00200400801603206, 0.00400801603206413, 0.00601202404809619, 
0.00801603206412826, 0.0100200400801603, 0.0120240480961924, 
0.0140280561122244, 0.0160320641282565, 0.0180360721442886, 0.0200400801603206, 
0.0220440881763527, 0.0240480961923848, 0.0260521042084168, 0.0280561122244489, 
0.030060120240481, 0.032064128256513, 0.0340681362725451, 0.0360721442885771, 
0.0380761523046092, 0.0400801603206413, 0.0420841683366733, 0.0440881763527054, 
0.0460921843687375, 0.0480961923847695, 0.0501002004008016, 0.0521042084168337, 
0.0541082164328657, 0.0561122244488978, 0.0581162324649299, 0.0601202404809619, 
0.062124248496994, 0.064128256513026, 0.0661322645290581, 0.0681362725450902, 
0.0701402805611222, 0.0721442885771543, 0.0741482965931864, 0.0761523046092184, 
0.0781563126252505, 0.0801603206412826, 0.0821643286573146, 0.0841683366733467, 
0.0861723446893787, 0.0881763527054108, 0.0901803607214429, 0.092184368737475, 
0.094188376753507, 0.096192384769539, 0.0981963927855711, 0.100200400801603, 
0.102204408817635, 0.104208416833667, 0.106212424849699, 0.108216432865731, 
0.110220440881764, 0.112224448897796, 0.114228456913828, 0.11623246492986, 
0.118236472945892, 0.120240480961924, 0.122244488977956, 0.124248496993988, 
0.12625250501002, 0.128256513026052, 0.130260521042084, 0.132264529058116, 
0.134268537074148, 0.13627254509018, 0.138276553106212, 0.140280561122244, 
0.142284569138277, 0.144288577154309, 0.146292585170341, 0.148296593186373, 
0.150300601202405, 0.152304609218437, 0.154308617234469, 0.156312625250501, 
0.158316633266533, 0.160320641282565, 0.162324649298597, 0.164328657314629, 
0.166332665330661, 0.168336673346693, 0.170340681362725, 0.172344689378757, 
0.17434869739479, 0.176352705410822, 0.178356713426854, 0.180360721442886, 
0.182364729458918, 0.18436873747495, 0.186372745490982, 0.188376753507014, 
0.190380761523046, 0.192384769539078, 0.19438877755511, 0.196392785571142, 
0.198396793587174, 0.200400801603206, 0.202404809619238, 0.204408817635271, 
0.206412825651303, 0.208416833667335, 0.210420841683367, 0.212424849699399, 
0.214428857715431, 0.216432865731463, 0.218436873747495, 0.220440881763527, 
0.222444889779559, 0.224448897795591, 0.226452905811623, 0.228456913827655, 
0.230460921843687, 0.232464929859719, 0.234468937875751, 0.236472945891784, 
0.238476953907816, 0.240480961923848, 0.24248496993988, 0.244488977955912, 
0.246492985971944, 0.248496993987976, 0.250501002004008, 0.25250501002004, 
0.254509018036072, 0.256513026052104, 0.258517034068136, 0.260521042084168, 
0.2625250501002, 0.264529058116232, 0.266533066132265, 0.268537074148297, 
0.270541082164329, 0.272545090180361, 0.274549098196393, 0.276553106212425, 
0.278557114228457, 0.280561122244489, 0.282565130260521, 0.284569138276553, 
0.286573146292585, 0.288577154308617, 0.290581162324649, 0.292585170340681, 
0.294589178356713, 0.296593186372745, 0.298597194388778, 0.30060120240481, 
0.302605210420842, 0.304609218436874, 0.306613226452906, 0.308617234468938, 
0.31062124248497, 0.312625250501002, 0.314629258517034, 0.316633266533066, 
0.318637274549098, 0.32064128256513, 0.322645290581162, 0.324649298597194, 
0.326653306613226, 0.328657314629259, 0.330661322645291, 0.332665330661323, 
0.334669338677355, 0.336673346693387, 0.338677354709419, 0.340681362725451, 
0.342685370741483, 0.344689378757515, 0.346693386773547, 0.348697394789579, 
0.350701402805611, 0.352705410821643, 0.354709418837675, 0.356713426853707, 
0.358717434869739, 0.360721442885772, 0.362725450901804, 0.364729458917836, 
0.366733466933868, 0.3687374749499, 0.370741482965932, 0.372745490981964, 
0.374749498997996, 0.376753507014028, 0.37875751503006, 0.380761523046092, 
0.382765531062124, 0.384769539078156, 0.386773547094188, 0.38877755511022, 
0.390781563126252, 0.392785571142285, 0.394789579158317, 0.396793587174349, 
0.398797595190381, 0.400801603206413, 0.402805611222445, 0.404809619238477, 
0.406813627254509, 0.408817635270541, 0.410821643286573, 0.412825651302605, 
0.414829659318637, 0.416833667334669, 0.418837675350701, 0.420841683366733, 
0.422845691382766, 0.424849699398798, 0.42685370741483, 0.428857715430862, 
0.430861723446894, 0.432865731462926, 0.434869739478958, 0.43687374749499, 
0.438877755511022, 0.440881763527054, 0.442885771543086, 0.444889779559118, 
0.44689378757515, 0.448897795591182, 0.450901803607214, 0.452905811623246, 
0.454909819639279, 0.456913827655311, 0.458917835671343, 0.460921843687375, 
0.462925851703407, 0.464929859719439, 0.466933867735471, 0.468937875751503, 
0.470941883767535, 0.472945891783567, 0.474949899799599, 0.476953907815631, 
0.478957915831663, 0.480961923847695, 0.482965931863727, 0.48496993987976, 
0.486973947895792, 0.488977955911824, 0.490981963927856, 0.492985971943888, 
0.49498997995992, 0.496993987975952, 0.498997995991984, 0.501002004008016, 
0.503006012024048, 0.50501002004008, 0.507014028056112, 0.509018036072144, 
0.511022044088176, 0.513026052104208, 0.51503006012024, 0.517034068136273, 
0.519038076152305, 0.521042084168337, 0.523046092184369, 0.525050100200401, 
0.527054108216433, 0.529058116232465, 0.531062124248497, 0.533066132264529, 
0.535070140280561, 0.537074148296593, 0.539078156312625, 0.541082164328657, 
0.543086172344689, 0.545090180360721, 0.547094188376753, 0.549098196392786, 
0.551102204408818, 0.55310621242485, 0.555110220440882, 0.557114228456914, 
0.559118236472946, 0.561122244488978, 0.56312625250501, 0.565130260521042, 
0.567134268537074, 0.569138276553106, 0.571142284569138, 0.57314629258517, 
0.575150300601202, 0.577154308617234, 0.579158316633266, 0.581162324649299, 
0.58316633266533, 0.585170340681363, 0.587174348697395, 0.589178356713427, 
0.591182364729459, 0.593186372745491, 0.595190380761523, 0.597194388777555, 
0.599198396793587, 0.601202404809619, 0.603206412825651, 0.605210420841683, 
0.607214428857715, 0.609218436873747, 0.61122244488978, 0.613226452905812, 
0.615230460921844, 0.617234468937876, 0.619238476953908, 0.62124248496994, 
0.623246492985972, 0.625250501002004, 0.627254509018036, 0.629258517034068, 
0.6312625250501, 0.633266533066132, 0.635270541082164, 0.637274549098196, 
0.639278557114228, 0.64128256513026, 0.643286573146293, 0.645290581162325, 
0.647294589178357, 0.649298597194389, 0.651302605210421, 0.653306613226453, 
0.655310621242485, 0.657314629258517, 0.659318637274549, 0.661322645290581, 
0.663326653306613, 0.665330661322645, 0.667334669338677, 0.669338677354709, 
0.671342685370741, 0.673346693386773, 0.675350701402806, 0.677354709418838, 
0.67935871743487, 0.681362725450902, 0.683366733466934, 0.685370741482966, 
0.687374749498998, 0.68937875751503, 0.691382765531062, 0.693386773547094, 
0.695390781563126, 0.697394789579158, 0.69939879759519, 0.701402805611222, 
0.703406813627254, 0.705410821643287, 0.707414829659319, 0.70941883767535, 
0.711422845691383, 0.713426853707415, 0.715430861723447, 0.717434869739479, 
0.719438877755511, 0.721442885771543, 0.723446893787575, 0.725450901803607, 
0.727454909819639, 0.729458917835671, 0.731462925851703, 0.733466933867735, 
0.735470941883767, 0.7374749498998, 0.739478957915832, 0.741482965931864, 
0.743486973947896, 0.745490981963928, 0.74749498997996, 0.749498997995992, 
0.751503006012024, 0.753507014028056, 0.755511022044088, 0.75751503006012, 
0.759519038076152, 0.761523046092184, 0.763527054108216, 0.765531062124248, 
0.76753507014028, 0.769539078156313, 0.771543086172345, 0.773547094188377, 
0.775551102204409, 0.77755511022044, 0.779559118236473, 0.781563126252505, 
0.783567134268537, 0.785571142284569, 0.787575150300601, 0.789579158316633, 
0.791583166332665, 0.793587174348697, 0.79559118236473, 0.797595190380761, 
0.799599198396793, 0.801603206412826, 0.803607214428858, 0.80561122244489, 
0.807615230460922, 0.809619238476954, 0.811623246492986, 0.813627254509018, 
0.81563126252505, 0.817635270541082, 0.819639278557114, 0.821643286573146, 
0.823647294589178, 0.82565130260521, 0.827655310621242, 0.829659318637274, 
